-8
-103
-69
-2
-5
-104
-120
-2
-17
-92
-36
-33
-43
-24
-20
-27
-34
-83
-56
-45
-6
-2
-11
-34
-12
-68
-4
-78
-57
-34
-83
-13
-9
-19
-26
-18
-24
-4
-23
-8
-43
-89
-53
-13
-54
-152
-89
-34
-25
-4
-85
-53
-9
-43
-21
-10
-69
-33
-52
-25
-27
-51
-60
-69
-13
-59
-86
-2
-49
-45
-45
-75
-44
-66
-20
-14
-75
-161
-115
-9
-36
-6
-70
-23
-73
-55
-36
-83
-70
-106
-140
-11
-42
-108
-1
-4
-19
-49
-7
-30
-27
-9
-22
-38
-20
-4
-1
-42
-59
-54
-14
-36
-81
-92
-26
-1
-85
-74
-18
-12
-6
-107
-126
-10
-35
-89
-67
-33
-25
-3
-121
-123
-40
-93
-27
-28
-86
-85
-45
-6
-44
-9
-49
-54
-2
-78
-57
-69
-29
-109
-87
-14
-5
-3
-69
-137
-62
-40
-2
-51
-38
-7
-109
-73
-9
-92
-97
-28
-42
-133
-131
-36
-83
-162
-91
-19
-53
-100
-39
-18
-85
-7
-34
-45
-7
-55
-18
-69
-83
-7
-25
-19
-35
-25
-27
-41
-97
-109
-55
-55
-123
-75
-2
-75
-56
-6
-27
-5
-58
-101
-24
-1
-57
-43
-3
-45
-20
-6
-3
-10
-43
-6
-45
-100
-43
-23
-22
-30
-50
-72
-167
-183
-58
-7
-103
-130
-9
-60
-6
-29
-92
-57
-2
-35
-18
-13
-25
-82
-35
-24
-44
-25
-3
-18
-6
-6
-26
-6
-10
-10
-42
-35
-60
-20
-52
-107
-17
-44
-49
-9
-6
-22
-75
-71
-37
-10
-18
-6
-25
-54
-1
-38
-18
-55
-9
-6
-42
-19
-6
-53
-34
-20
-50
-51
-24
-67
-11
-14
-72
-8
-5
-23
-30
-2
-65
-114
-39
-46
-12
-27
-42
-54
-7
-19
-51
-2
-19
-45
-2
-7
-41
-22
-10
-27
-55
-60
-60
-46
-11
-83
-73
-10
-116
-104
-20
-19
-24
-22
-17
-104
-193
-98
-49
-148
-110
-21
-5
-57
-119
-157
-59
-45
-123
-25
-12
-116
-83
-11
-6
-13
-26
-57
-3
-4
-40
-29
-52
-108
-81
-102
-163
-195
-253
-225
-110
-85
-43
-70
-93
-103
-122
-161
-250
-308
-237
-187
-249
-292
-245
-221
-243
-283
-337
-386
-328
-265
-315
-408
-409
-371
-354
-382
-460
-557
-525
-411
-391
-466
-466
-394
-340
-338
-385
-450
-435
-338
-302
-364
-388
-347
-341
-337
-298
-293
-306
-241
-197
-241
-282
-254
-248
-276
-308
-359
-410
-327
-210
-217
-293
-270
-198
-149
-130
-147
-231
-251
-188
-173
-234
-246
-181
-115
-84
-100
-164
-165
-56
-4
-73
-118
-57
-37
-152
-212
-90
-9
-66
-51
-12
-11
-52
-46
-34
-72
-13
-23
-153
-251
-181
-58
-8
-24
-36
-66
-105
-140
-199
-254
-210
-139
-150
-205
-189
-140
-113
-117
-172
-259
-245
-158
-166
-253
-228
-71
-44
-24
-155
-185
-120
-59
-89
-250
-475
-516
-346
-178
-138
-131
-117
-130
-139
-134
-139
-78
-26
-188
-289
-277
-235
-187
-148
-151
-145
-52
-3
-67
-145
-136
-85
-60
-70
-91
-132
-51
-39
-9
-70
-98
-36
-13
-73
-106
-74
-56
-74
-122
-211
-289
-226
-148
-173
-225
-174
-90
-39
-27
-50
-86
-33
-53
-171
-164
-87
-75
-130
-161
-148
-43
-65
-57
-12
-72
-114
-3
-41
-60
-44
-33
-55
-21
-28
-11
-40
-88
-23
-41
-23
-9
-17
-20
-33
-69
-57
-49
-136
-219
-152
-43
-4
-42
-106
-77
-18
-67
-77
-105
-117
-90
-103
-109
-58
-41
-92
-102
-60
-42
-41
-56
-110
-186
-155
-82
-85
-135
-124
-90
-100
-153
-204
-222
-107
-28
-44
-4
-23
-114
-117
-24
-58
-73
-7
-6
-93
-110
-11
-19
-75
-33
-38
-70
-2
-22
-100
-74
-21
-3
-52
-107
-44
-42
-53
-29
-101
-91
-10
-1
-39
-41
-21
-7
-9
-10
-38
-2
-17
-12
-34
-26
-34
-54
-41
-36
-28
-14
-27
-12
-2
-33
-9
-58
-44
-13
-55
-11
-1
-35
-12
-7
-25
-116
-141
-21
-9
-1
-19
-8
-9
-68
-89
-35
-22
-3
-42
-42
-20
-7
-82
-108
-6
-7
-34
-27
-73
-73
-19
-6
-14
-25
-20
-46
-21
-24
-11
-14
-43
-8
-40
-101
-49
-40
-54
-45
-27
-7
-25
-35
-45
-106
-44
-42
-20
-8
-30
-54
-87
-3
-5
-29
-4
-22
-27
-22
-77
-23
-14
-87
-104
-39
-51
-18
-136
-202
-135
-106
-132
-152
-152
-206
-244
-199
-169
-210
-248
-232
-243
-277
-278
-258
-244
-247
-331
-437
-372
-250
-236
-317
-337
-365
-412
-408
-417
-500
-475
-371
-398
-514
-497
-376
-259
-218
-301
-462
-561
-460
-285
-245
-359
-443
-402
-357
-376
-393
-344
-248
-236
-302
-300
-173
-55
-53
-132
-236
-292
-230
-121
-62
-133
-213
-196
-106
-33
-43
-154
-230
-158
-89
-147
-195
-166
-115
-91
-68
-60
-41
-3
-132
-290
-420
-502
-482
-374
-254
-186
-129
-188
-391
-551
-529
-309
-57
-45
-109
-82
-153
-150
-313
-485
-428
-153
-94
-193
-110
-57
-101
-84
-235
-366
-307
-221
-210
-225
-253
-233
-184
-173
-196
-163
-109
-126
-158
-115
-90
-149
-283
-439
-519
-465
-349
-328
-379
-348
-262
-214
-245
-343
-467
-449
-249
-146
-244
-278
-140
-101
-193
-166
-122
-154
-205
-198
-161
-121
-103
-163
-305
-290
-134
-69
-122
-145
-136
-170
-201
-173
-140
-71
-26
-151
-181
-114
-73
-62
-75
-147
-213
-190
-168
-201
-221
-181
-115
-85
-162
-290
-332
-179
-21
-22
-9
-28
-90
-132
-92
-46
-22
-38
-100
-150
-222
-254
-149
-72
-174
-243
-285
-251
-213
-310
-471
-491
-379
-248
-257
-408
-549
-459
-190
-104
-356
-485
-362
-118
-84
-148
-35
-46
-35
-11
-8
-36
-74
-71
-35
-25
-56
-22
-36
-65
-10
-57
-69
-55
-21
-46
-27
-51
-125
-108
-40
-71
-118
-103
-89
-98
-52
-34
-109
-34
-77
-188
-242
-182
-57
-30
-77
-205
-327
-313
-180
-71
-6
-68
-211
-290
-204
-58
-90
-58
-93
-45
-65
-150
-281
-289
-152
-69
-183
-391
-411
-232
-195
-322
-391
-282
-153
-150
-257
-377
-422
-310
-193
-213
-285
-250
-177
-136
-164
-249
-359
-314
-209
-200
-264
-348
-347
-254
-161
-194
-387
-508
-397
-275
-275
-275
-261
-278
-310
-310
-273
-244
-195
-171
-262
-387
-376
-347
-326
-244
-131
-139
-245
-344
-337
-254
-141
-37
-29
-150
-201
-135
-66
-52
-70
-41
-7
-92
-106
-42
-14
-76
-49
-56
-148
-39
-10
-106
-45
-94
-44
-177
-98
-249
-452
-406
-305
-222
-254
-290
-226
-50
-158
-307
-125
-43
-373
-905
-1100
-775
-268
-185
-585
-963
-961
-712
-293
-38
-454
-617
-510
-355
-249
-339
-572
-622
-482
-306
-195
-104
-119
-280
-296
-158
-185
-220
-105
-116
-329
-322
-164
-62
-74
-85
-188
-312
-377
-414
-308
-93
-44
-41
-130
-347
-577
-497
-59
-200
-470
-381
-189
-131
-252
-274
-219
-366
-403
-17
-119
-122
-165
-8
-12
-23
-12
-75
-226
-195
-149
-355
-312
-148
-18
-88
-227
-229
-74
-387
-615
-332
-136
-276
-241
-83
-157
-486
-818
-755
-462
-360
-386
-504
-660
-722
-764
-753
-663
-531
-438
-478
-582
-597
-501
-369
-410
-532
-546
-386
-90
-10
-147
-253
-124
-74
-220
-228
-1
-300
-653
-748
-587
-408
-412
-522
-522
-438
-245
-11
-54
-180
-203
-129
-39
-200
-259
-102
-26
-173
-131
-83
-378
-452
-282
-109
-69
-206
-404
-483
-472
-508
-552
-568
-685
-842
-858
-740
-589
-428
-312
-343
-374
-167
-94
-93
-21
-197
-302
-299
-294
-300
-310
-389
-470
-485
-490
-539
-563
-563
-540
-481
-362
-286
-295
-357
-394
-339
-150
-67
-40
-7
-29
-69
-81
-65
-84
-122
-90
-57
-98
-151
-204
-266
-294
-259
-236
-291
-331
-316
-258
-187
-141
-170
-248
-275
-249
-292
-375
-376
-321
-263
-236
-273
-339
-292
-183
-211
-387
-466
-394
-328
-318
-290
-216
-93
-54
-88
-115
-168
-285
-404
-309
-109
-40
-83
-70
-12
-97
-180
-187
-86
-24
-91
-167
-141
-118
-125
-147
-225
-311
-250
-138
-136
-188
-150
-55
-1
-61
-166
-106
-22
-67
-51
-22
-150
-210
-122
-39
-19
-83
-140
-145
-170
-168
-101
-44
-30
-90
-67
-1
-69
-165
-170
-65
-13
-19
-61
-97
-5
-25
-42
-17
-134
-230
-182
-50
-2
-33
-56
-11
-4
-24
-39
-22
-55
-81
-85
-89
-59
-25
-40
-25
-42
-125
-174
-87
-46
-71
-4
-17
-11
-123
-186
-90
-2
-36
-71
-13
-6
-18
-9
-21
-28
-38
-22
-5
-49
-29
-71
-236
-274
-122
-54
-101
-148
-117
-44
-52
-116
-110
-72
-52
-5
-87
-77
-18
-13
-30
-84
-118
-56
-21
-51
-20
-52
-2
-19
-22
-27
-10
-84
-69
-4
-2
-41
-4
-29
-72
-34
-22
-21
-36
-71
-102
-42
-6
-49
-25
-40
-101
-13
-19
-21
-4
-7
-26
-98
-25
-100
-51
-2
-21
-9
-101
-86
-11
-6
-14
-71
-74
-10
-35
-1
-3
-24
-133
-91
-5
-37
-88
-35
-34
-58
-44
-53
-72
-77
-98
-97
-18
-54
-104
-151
-91
-19
-42
-29
-40
-41
-82
-10
-77
-201
-178
-57
-33
-39
-23
-77
-109
-54
-28
-84
-163
-214
-185
-57
-60
-126
-74
-65
-165
-152
-86
-87
-116
-60
-1
-8
-69
-149
-215
-140
-3
-21
-2
-24
-2
-52
-65
-7
-44
-61
-21
-59
-41
-27
-97
-69
-40
-36
-27
-4
-28
-34
-53
-53
-8
-35
-85
-72
-28
-5
-72
-84
-37
-22
-53
-46
-2
-1
-18
-42
-23
-20
-134
-257
-216
-69
-73
-150
-204
-171
-83
-43
-86
-93
-20
-20
-55
-52
-22
-2
-3
-42
-21
-8
-19
-12
-57
-61
-85
-148
-150
-70
-13
-68
-89
-113
-161
-169
-118
-101
-139
-178
-182
-169
-123
-81
-82
-100
-70
-36
-29
-34
-24
-45
-1
-70
-151
-68
-4
-6
-69
-53
-3
-27
-70
-58
-60
-92
-88
-68
-62
-91
-147
-228
-200
-74
-2
-26
-40
-24
-26
-54
-93
-147
-141
-53
-34
-151
-233
-198
-165
-184
-229
-259
-252
-163
-98
-125
-166
-136
-104
-106
-141
-198
-251
-186
-103
-140
-218
-199
-152
-148
-161
-194
-278
-301
-227
-162
-154
-118
-56
-43
-66
-88
-120
-124
-69
-51
-109
-133
-57
-30
-99
-57
-37
-43
-28
-22
-30
-55
-82
-1
-41
-7
-52
-105
-42
-19
-8
-3
-24
-12
-10
-46
-6
-33
-60
-5
-30
-21
-9
-9
-85
-45
-46
-70
-38
-12
-17
-11
-35
-4
-14
-26
-18
-36
-28
-4
-6
-24
-5
-70
-121
-54
-21
-72
-54
-30
-19
-3
-49
-136
-123
-7
-5
-25
-52
-46
-69
-93
-28
-37
-45
-17
-8
-13
-18
-59
-97
-38
-17
-5
-6
-10
-6
-18
-39
-91
-23
-27
-5
-88
-100
-68
-49
-72
-124
-227
-358
-386
-357
-397
-428
-434
-481
-513
-520
-632
-756
-674
-513
-523
-698
-761
-725
-682
-609
-570
-663
-677
-617
-611
-619
-572
-589
-659
-710
-661
-664
-689
-581
-474
-577
-708
-652
-572
-547
-508
-507
-546
-530
-505
-558
-545
-455
-454
-547
-585
-625
-702
-649
-504
-499
-707
-886
-827
-585
-409
-484
-702
-697
-455
-234
-229
-419
-555
-537
-418
-362
-389
-313
-157
-195
-361
-355
-104
-101
-42
-73
-55
-46
-67
-55
-113
-105
-50
-39
-92
-19
-59
-184
-214
-151
-125
-146
-58
-45
-73
-115
-72
-42
-82
-130
-125
-109
-90
-103
-133
-161
-100
-38
-152
-205
-177
-142
-161
-201
-66
-122
-281
-116
-5
-55
-85
-103
-117
-93
-18
-4
-124
-193
-149
-86
-69
-40
-46
-121
-184
-124
-53
-12
-66
-137
-133
-18
-73
-61
-68
-120
-125
-106
-86
-105
-130
-81
-19
-4
-42
-179
-321
-266
-83
-6
-83
-151
-157
-136
-93
-39
-40
-134
-81
-37
-186
-187
-7
-3
-20
-88
-184
-87
-19
-85
-120
-188
-251
-294
-281
-163
-109
-252
-273
-215
-260
-375
-395
-355
-355
-356
-280
-185
-124
-28
-26
-135
-189
-200
-138
-97
-136
-183
-116
-9
-218
-417
-540
-502
-354
-290
-373
-357
-199
-81
-44
-9
-52
-233
-436
-443
-276
-179
-200
-187
-114
-21
-77
-139
-86
-56
-145
-252
-324
-379
-385
-298
-211
-214
-169
-88
-100
-151
-161
-124
-74
-82
-146
-245
-253
-184
-201
-307
-315
-275
-356
-438
-391
-373
-412
-365
-241
-100
-34
-139
-195
-107
-34
-71
-121
-72
-45
-11
-119
-102
-44
-28
-66
-168
-188
-156
-106
-68
-74
-81
-22
-1
-62
-149
-182
-107
-40
-82
-147
-117
-39
-23
-53
-75
-90
-151
-233
-289
-314
-348
-363
-305
-249
-248
-276
-300
-343
-363
-331
-321
-375
-403
-389
-349
-308
-295
-327
-284
-179
-162
-248
-286
-257
-245
-263
-300
-362
-370
-276
-202
-220
-243
-215
-204
-227
-259
-285
-284
-198
-156
-219
-274
-218
-121
-86
-124
-186
-219
-131
-36
-55
-141
-157
-109
-60
-41
-66
-153
-171
-73
-1
-13
-35
-33
-53
-71
-59
-73
-87
-18
-29
-93
-46
-30
-58
-35
-11
-25
-20
-7
-42
-28
-36
-6
-70
-36
-55
-2
-34
-62
-7
-1
-6
-84
-57
-22
-8
-4
-27
-9
-33
-34
-69
-18
-33
-45
-12
-26
-77
-5
-38
-13
-2
-2
-18
-102
-318
-339
-180
-109
-184
-215
-138
-22
-62
-73
-7
-106
-245
-285
-284
-348
-379
-249
-65
-202
-580
-582
-554
-401
-213
-201
-396
-601
-509
-248
-123
-137
-130
-59
-20
-46
-118
-108
-9
-167
-284
-37
-338
-358
-290
-91
-43
-364
-391
-248
-135
-147
-185
-312
-307
-212
-124
-13
-51
-219
-338
-365
-251
-22
-198
-91
-10
-104
-29
-26
-98
-146
-504
-641
-342
-17
-109
-354
-550
-499
-121
-221
-249
-121
-205
-93
-56
-33
-45
-106
-17
-18
-177
-250
-164
-83
-182
-205
-82
-6
-97
-446
-564
-386
-65
-65
-89
-137
-226
-323
-298
-244
-305
-442
-507
-537
-410
-60
-55
-103
-131
-13
-21
-412
-491
-261
-6
-42
-42
-43
-86
-26
-37
-138
-234
-199
-82
-5
-108
-13
-23
-36
-6
-18
-17
-17
-5
-33
-38
-3
-40
-28
-46
-51
-51
-60
-4
-21
-29
-9
-65
-84
-26
-6
-66
-82
-44
-23
-12
-13
-52
-44
-17
-19
-1
-1
-53
-101
-9
-27
-28
-21
-2
-2
-65
-123
-81
-20
-36
-27
-7
-7
-40
-72
-14
-70
-43
-55
-43
-19
-23
-9
-2
-17
-17
-53
-132
-147
-26
-43
-34
-43
-17
-19
-33
-22
-71
-37
-30
-56
-7
-9
-2
-8
-39
-100
-42
-2
-29
-26
-11
-34
-20
-45
-27
-41
-22
-17
-52
-2
-28
-2
-12
-40
-23
-34
-50
-49
-61
-38
-26
-19
-33
-23
-72
-12
-20
-17
-9
-5
-13
-61
-8
-24
-11
-28
-61
-14
-3
-19
-5
-101
-89
-30
-22
-4
-4
-27
-52
-24
-52
-6
-20
-38
-18
-7
-5
-33
-7
-13
-30
-57
-1
-38
-5
-6
-49
-33
-12
-27
-102
-62
-6
-17
-81
-75
-41
-86
-5
-53
-45
-18
-18
-40
-84
-138
-90
-39
-21
-13
-11
-33
-4
-26
-1
-4
-2
-36
-22
-75
-19
-11
-62
-81
-3
-21
-3
-35
-44
-28
-29
-35
-35
-43
-13
-21
-20
-29
-28
-13
-41
-57
-17
-17
-5
-22
-17
-50
-52
-33
-8
-61
-57
-1
-1
-34
-1
-42
-100
-56
-37
-11
-36
-73
-1
-20
-1
-11
-35
-7
-57
-14
-41
-45
-3
-42
-24
-14
-25
-18
-7
-72
-65
-51
-54
-11
-54
-67
-39
-14
-26
-97
-57
-20
-25
-17
-30
-59
-41
-12
-20
-1
-29
-45
-88
-81
-77
-93
-102
-136
-165
-103
-44
-72
-110
-88
-66
-59
-75
-122
-163
-93
-13
-24
-85
-70
-18
-4
-37
-83
-28
-14
-21
-8
-43
-77
-36
-54
-38
-35
-54
-98
-26
-45
-18
-30
-14
-23
-11
-10
-2
-33
-55
-62
-24
-60
-114
-44
-50
-23
-18
-82
-34
-30
-33
-12
-17
-39
-39
-2
-29
-20
-34
-28
-20
-60
-105
-43
-49
-24
-3
-44
-88
-24
-35
-33
-40
-104
-59
-43
-28
-3
-1
-26
-83
-83
-1
-27
-83
-49
-4
-1
-44
-118
-163
-83
-56
-34
-24
-26
-29
-33
-18
-22
-81
-92
-29
-54
-87
-41
-4
-7
-25
-60
-88
-20
-33
-17
-2
-25
-70
-22
-21
-27
-41
-91
-114
-81
-72
-100
-135
-173
-181
-105
-28
-37
-73
-53
-13
-7
-22
-49
-114
-113
-53
-38
-69
-43
-9
-62
-108
-44
-46
-98
-87
-82
-76
-60
-78
-108
-118
-119
-145
-154
-120
-115
-133
-133
-140
-181
-188
-157
-150
-157
-124
-107
-124
-156
-197
-234
-170
-68
-49
-97
-105
-84
-86
-114
-152
-183
-117
-42
-70
-24
-27
-104
-123
-41
-44
-106
-77
-28
-9
-20
-59
-91
-13
-53
-49
-12
-24
-43
-50
-3
-5
-42
-19
-5
-21
-2
-4
-10
-6
-19
-1
-26
-37
-23
-28
-11
-27
-29
-33
-25
-9
-1
-30
-55
-4
-9
-49
-44
-7
-19
-50
-26
-67
-45
-21
-3
-6
-17
-52
-39
-13
-21
-42
-6
-11
-11
-67
-65
-33
-60
-33
-83
-28
-7
-11
-19
-3
-54
-7
-13
-5
-44
-27
-40
-21
-3
-39
-51
-27
-73
-27
-11
-18
-6
-3
-18
-27
-21
-67
-3
-21
-17
-20
-11
-1
-1
-22
-35
-4
-38
-3
-29
-9
-24
-17
-34
-4
-39
-22
-2
-27
-46
-24
-9
-57
-5
-29
-34
-29
-5
-10
-68
-22
-27
-21
-86
-129
-37
-26
-24
-37
-35
-27
-19
-50
-66
-5
-11
-8
-11
-49
-39
-17
-18
-33
-5
-10
-14
-6
-3
-24
-6
-65
-87
-13
-4
-12
-14
-38
-1
-25
-97
-69
-85
-5
-17
-4
-12
-121
-156
-92
-150
-140
-126
-157
-134
-61
-68
-153
-174
-104
-72
-100
-162
-251
-242
-46
-213
-333
-210
-103
-154
-97
-102
-186
-167
-147
-169
-190
-190
-182
-114
-58
-107
-154
-105
-4
-26
-193
-292
-280
-220
-157
-162
-199
-169
-187
-278
-337
-328
-291
-222
-126
-18
-131
-409
-488
-337
-107
-52
-229
-385
-402
-389
-380
-331
-219
-204
-250
-286
-397
-500
-506
-405
-330
-325
-339
-396
-403
-327
-252
-281
-348
-363
-353
-360
-372
-354
-299
-228
-158
-214
-353
-361
-295
-174
-7
-181
-332
-311
-237
-278
-295
-205
-187
-283
-306
-237
-198
-212
-242
-294
-261
-141
-131
-265
-414
-539
-513
-292
-87
-137
-298
-408
-506
-539
-403
-219
-177
-234
-342
-490
-488
-322
-81
-17
-297
-651
-925
-938
-595
-231
-54
-358
-550
-520
-502
-644
-785
-748
-659
-674
-744
-793
-890
-1027
-1132
-1204
-1180
-1038
-941
-1016
-1180
-1134
-946
-844
-878
-947
-993
-904
-774
-743
-775
-748
-674
-611
-625
-697
-700
-556
-388
-364
-526
-723
-699
-451
-169
-58
-178
-295
-163
-44
-101
-36
-65
-68
-73
-105
-151
-206
-274
-228
-61
-90
-70
-9
-85
-101
-76
-39
-25
-27
-2
-5
-69
-89
-61
-38
-122
-186
-108
-73
-102
-69
-51
-92
-231
-380
-363
-199
-97
-102
-86
-19
-26
-120
-185
-158
-124
-146
-248
-317
-262
-75
-44
-107
-91
-26
-34
-138
-158
-27
-182
-210
-18
-83
-139
-119
-75
-54
-74
-162
-102
-25
-67
-106
-34
-68
-49
-17
-49
-71
-45
-53
-22
-9
-3
-10
-55
-87
-1
-103
-106
-8
-5
-30
-38
-99
-51
-67
-108
-20
-6
-25
-25
-57
-34
-18
-12
-41
-26
-10
-24
-8
-27
-72
-88
-17
-13
-6
-1
-3
-20
-10
-8
-51
-62
-34
-43
-39
-20
-56
-86
-46
-21
-39
-101
-173
-140
-12
-35
-91
-20
-9
-7
-17
-14
-66
-13
-56
-147
-94
-29
-24
-53
-72
-2
-60
-61
-41
-33
-54
-105
-147
-93
-20
-25
-87
-85
-52
-29
-20
-33
-65
-26
-19
-38
-1
-37
-110
-123
-34
-27
-82
-49
-23
-27
-53
-49
-9
-45
-14
-45
-109
-121
-38
-38
-4
-24
-14
-20
-1
-49
-33
-2
-34
-12
-39
-61
-28
-85
-58
-11
-25
-53
-21
-2
-14
-46
-93
-45
-1
-18
-20
-66
-23
-35
-39
-3
-35
-39
-7
-88
-147
-82
-14
-40
-68
-14
-19
-20
-24
-7
-42
-8
-69
-21
-13
-13
-68
-46
-77
-106
-81
-59
-69
-105
-161
-145
-42
-29
-59
-26
-2
-6
-35
-86
-98
-6
-8
-71
-39
-37
-91
-41
-14
-27
-4
-3
-8
-46
-14
-81
-91
-90
-92
-82
-82
-115
-85
-18
-22
-62
-27
-50
-41
-4
-20
-24
-97
-108
-27
-7
-40
-28
-20
-6
-26
-70
-2
-4
-13
-9
-18
-73
-132
-102
-6
-49
-28
-4
-23
-133
-250
-254
-164
-154
-359
-567
-570
-486
-402
-353
-380
-343
-246
-276
-401
-430
-366
-361
-402
-442
-535
-572
-484
-395
-422
-427
-344
-328
-373
-405
-425
-470
-466
-436
-407
-395
-399
-466
-502
-377
-250
-341
-456
-455
-410
-364
-361
-410
-413
-402
-457
-570
-717
-740
-594
-449
-414
-411
-423
-443
-516
-588
-525
-282
-109
-173
-405
-537
-500
-379
-330
-346
-294
-236
-268
-343
-461
-542
-468
-262
-91
-65
-202
-377
-379
-295
-146
-17
-54
-294
-502
-423
-254
-185
-153
-226
-338
-314
-130
-91
-285
-242
-106
-65
-50
-57
-88
-51
-57
-149
-44
-22
-27
-82
-4
-30
-28
-39
-72
-57
-43
-93
-215
-306
-331
-298
-284
-341
-341
-315
-346
-465
-546
-535
-456
-339
-309
-467
-684
-774
-748
-636
-442
-297
-325
-509
-673
-537
-151
-19
-65
-199
-118
-121
-362
-531
-588
-564
-489
-378
-365
-557
-765
-826
-829
-807
-774
-751
-666
-476
-338
-331
-372
-317
-251
-247
-378
-628
-770
-567
-248
-135
-241
-414
-564
-568
-439
-314
-237
-147
-97
-165
-282
-259
-71
-84
-172
-234
-197
-119
-183
-280
-146
-3
-44
-3
-50
-105
-130
-116
-17
-28
-75
-54
-20
-12
-125
-234
-165
-50
-21
-23
-17
-78
-37
-19
-30
-21
-74
-130
-9
-50
-73
-33
-18
-19
-27
-5
-1
-58
-133
-173
-131
-116
-134
-142
-137
-164
-213
-247
-250
-247
-212
-214
-289
-370
-361
-314
-327
-363
-374
-396
-417
-396
-378
-393
-406
-375
-341
-318
-312
-325
-316
-252
-215
-275
-346
-342
-321
-309
-343
-467
-531
-387
-234
-251
-372
-420
-405
-391
-359
-294
-280
-266
-217
-225
-292
-305
-231
-169
-169
-214
-299
-330
-264
-264
-341
-345
-266
-211
-211
-264
-329
-350
-253
-154
-164
-212
-202
-209
-244
-248
-214
-190
-117
-53
-108
-238
-294
-237
-125
-54
-76
-182
-220
-141
-73
-97
-93
-39
-41
-87
-102
-145
-225
-232
-199
-171
-118
-37
-33
-81
-92
-82
-69
-52
-57
-115
-182
-179
-93
-24
-26
-56
-84
-23
-92
-12
-17
-30
-17
-61
-29
-17
-44
-6
-24
-55
-2
-78
-125
-84
-55
-86
-132
-155
-163
-132
-107
-123
-165
-150
-130
-161
-218
-260
-291
-225
-121
-145
-242
-231
-165
-149
-183
-220
-279
-297
-248
-218
-235
-234
-203
-211
-245
-253
-273
-341
-317
-231
-219
-259
-230
-173
-126
-91
-90
-141
-135
-93
-102
-147
-150
-145
-167
-209
-230
-245
-193
-101
-86
-158
-186
-126
-62
-36
-43
-89
-107
-67
-42
-68
-81
-44
-26
-42
-46
-50
-36
-77
-100
-55
-4
-10
-19
-34
-28
-8
-43
-84
-73
-2
-19
-88
-89
-20
-22
-55
-3
-62
-57
-8
-52
-2
-24
-55
-23
-60
-74
-70
-100
-188
-289
-331
-269
-222
-254
-297
-273
-234
-220
-218
-229
-274
-257
-197
-204
-268
-268
-189
-138
-164
-243
-369
-408
-299
-195
-190
-217
-182
-132
-109
-137
-206
-238
-150
-85
-136
-206
-209
-194
-186
-190
-197
-214
-155
-78
-77
-139
-138
-60
-1
-5
-29
-81
-87
-107
-152
-139
-182
-246
-242
-211
-169
-125
-109
-118
-71
-18
-26
-26
-22
-22
-3
-39
-74
-107
-54
-6
-55
-107
-75
-25
-11
-19
-58
-94
-14
-22
-42
-3
-5
-37
-66
-106
-102
-35
-25
-108
-154
-109
-60
-29
-3
-12
-43
-35
-76
-56
-43
-40
-43
-77
-130
-91
-20
-9
-36
-2
-34
-75
-100
-124
-73
-1
-27
-40
-26
-25
-7
-12
-29
-5
-7
-25
-23
-21
-75
-186
-210
-120
-59
-101
-115
-69
-35
-41
-86
-154
-173
-88
-21
-57
-86
-43
-12
-12
-62
-24
-49
-36
-22
-91
-115
-13
-57
-66
-25
-4
-50
-35
-14
-90
-119
-23
-30
-22
-4
-8
-35
-17
-28
-36
-36
-2
-25
-60
-9
-26
-78
-130
-57
-11
-86
-53
-42
-29
-34
-55
-10
-20
-4
-8
-2
-9
-1
-104
-92
-18
-39
-34
-22
-45
-46
-21
-51
-45
-30
-30
-19
-44
-1
-22
-59
-42
-67
-114
-52
-70
-84
-7
-58
-49
-19
-83
-105
-36
-49
-89
-60
-59
-92
-132
-172
-181
-109
-61
-114
-148
-82
-18
-11
-43
-89
-110
-7
-5
-29
-36
-20
-28
-17
-39
-42
-3
-22
-102
-59
-28
-12
-39
-29
-23
-67
-54
-29
-56
-136
-187
-165
-78
-60
-137
-180
-141
-109
-108
-132
-182
-221
-150
-60
-67
-116
-92
-33
-61
-7
-7
-26
-12
-51
-81
-39
-9
-46
-90
-69
-24
-6
-36
-89
-114
-34
-11
-21
-5
-21
-87
-181
-146
-66
-87
-166
-168
-126
-102
-91
-123
-202
-209
-105
-49
-106
-171
-178
-154
-142
-136
-130
-125
-101
-76
-102
-120
-84
-46
-45
-76
-98
-122
-134
-123
-137
-152
-85
-12
-8
-73
-149
-183
-139
-59
-65
-141
-161
-110
-87
-121
-179
-228
-195
-99
-37
-39
-36
-7
-8
-54
-59
-13
-35
-99
-156
-110
-9
-39
-14
-24
-86
-76
-13
-49
-25
-30
-56
-171
-184
-101
-78
-169
-227
-171
-120
-100
-71
-74
-122
-149
-179
-247
-265
-183
-134
-161
-205
-247
-274
-197
-59
-6
-66
-119
-139
-161
-170
-168
-187
-148
-114
-180
-281
-270
-169
-93
-101
-151
-203
-180
-71
-30
-115
-171
-125
-98
-120
-151
-169
-171
-87
-13
-52
-39
-81
-97
-75
-92
-118
-75
-8
-36
-98
-173
-137
-35
-35
-60
-72
-100
-147
-195
-236
-212
-170
-194
-254
-238
-194
-189
-226
-261
-313
-322
-261
-220
-230
-228
-183
-130
-100
-93
-103
-75
-17
-50
-36
-3
-27
-34
-53
-168
-195
-148
-120
-149
-164
-181
-218
-237
-234
-252
-217
-110
-22
-28
-57
-43
-106
-178
-203
-145
-97
-149
-180
-133
-90
-99
-153
-212
-198
-100
-51
-104
-169
-166
-147
-129
-135
-188
-269
-249
-189
-201
-246
-231
-195
-180
-193
-218
-267
-262
-198
-193
-251
-262
-220
-202
-211
-234
-280
-266
-157
-108
-181
-235
-214
-184
-173
-190
-250
-321
-295
-236
-253
-296
-289
-308
-331
-286
-225
-202
-152
-99
-108
-181
-218
-199
-183
-211
-267
-354
-354
-259
-212
-259
-293
-282
-276
-241
-185
-174
-194
-161
-152
-194
-194
-114
-72
-124
-193
-232
-249
-184
-99
-87
-107
-61
-1
-38
-119
-117
-14
-1
-1
-17
-17
-49
-29
-19
-120
-131
-50
-26
-71
-89
-98
-125
-155
-148
-134
-65
-65
-83
-59
-38
-30
-52
-116
-126
-57
-3
-14
-25
-12
-93
-109
-35
-124
-88
-14
-43
-146
-164
-107
-69
-75
-110
-161
-138
-57
-44
-118
-147
-122
-118
-90
-55
-77
-122
-70
-10
-56
-137
-138
-104
-65
-28
-29
-57
-7
-19
-93
-146
-93
-21
-1
-30
-90
-129
-90
-33
-42
-87
-55
-68
-129
-60
-4
-22
-23
-17
-43
-9
-66
-37
-26
-5
-21
-39
-20
-34
-4
-3
-19
-66
-83
-6
-23
-9
-18
-13
-33
-19
-18
-28
-56
-29
-33
-18
-33
-6
-4
-27
-1
-51
-17
-11
-119
-142
-88
-73
-101
-131
-172
-163
-72
-20
-56
-85
-44
-12
-36
-71
-102
-129
-76
-9
-26
-91
-98
-49
-26
-17
-25
-36
-17
-53
-22
-19
-12
-5
-85
-166
-188
-122
-78
-100
-75
-85
-194
-254
-218
-200
-213
-149
-78
-66
-83
-25
-52
-75
-57
-29
-2
-40
-17
-65
-55
-14
-75
-99
-52
-33
-73
-82
-74
-104
-135
-35
-77
-179
-108
-116
-292
-267
-88
-4
-50
-82
-43
-55
-114
-120
-134
-146
-91
-41
-59
-99
-55
-51
-120
-163
-105
-9
-131
-173
-137
-93
-6
-9
-50
-26
-23
-1
-4
-76
-83
-7
-27
-10
-19
-51
-24
-119
-148
-91
-90
-120
-105
-149
-221
-173
-102
-115
-179
-195
-145
-116
-184
-286
-307
-196
-71
-18
-25
-29
-30
-34
-27
-53
-137
-166
-109
-56
-72
-104
-100
-55
-17
-86
-225
-210
-109
-104
-146
-156
-118
-85
-52
-17
-18
-147
-184
-89
-99
-110
-9
-4
-57
-66
-40
-40
-61
-152
-265
-236
-115
-81
-145
-199
-199
-200
-281
-393
-488
-488
-410
-413
-531
-644
-685
-697
-662
-609
-617
-632
-584
-548
-534
-506
-429
-386
-365
-369
-394
-470
-472
-413
-404
-429
-424
-390
-362
-348
-361
-419
-401
-300
-244
-253
-230
-162
-122
-91
-70
-107
-135
-67
-5
-26
-54
-7
-54
-162
-307
-376
-329
-321
-398
-461
-460
-449
-444
-460
-531
-602
-574
-530
-546
-573
-549
-524
-517
-515
-550
-604
-558
-475
-467
-515
-505
-457
-422
-406
-408
-437
-391
-283
-245
-283
-283
-226
-202
-210
-226
-264
-245
-145
-69
-91
-114
-27
-13
-84
-67
-14
-14
-19
-41
-76
-168
-102
-1
-41
-33
-23
-33
-62
-103
-170
-196
-126
-83
-135
-178
-117
-37
-7
-25
-91
-133
-85
-40
-72
-133
-139
-105
-91
-117
-154
-165
-66
-56
-61
-40
-37
-26
-25
-49
-46
-9
-6
-42
-39
-29
-17
-11
-65
-142
-150
-117
-135
-169
-165
-149
-153
-210
-308
-366
-281
-180
-188
-232
-202
-183
-212
-252
-328
-458
-476
-403
-391
-475
-513
-487
-433
-370
-348
-393
-409
-354
-322
-379
-433
-433
-443
-465
-491
-553
-567
-457
-381
-424
-462
-409
-363
-359
-359
-354
-314
-211
-117
-91
-106
-99
-90
-92
-116
-178
-268
-289
-226
-193
-246
-267
-206
-147
-137
-164
-229
-282
-222
-150
-170
-209
-201
-177
-140
-91
-92
-148
-121
-58
-77
-119
-97
-66
-66
-87
-119
-139
-76
-18
-38
-82
-68
-10
-44
-110
-157
-135
-75
-97
-172
-171
-93
-57
-70
-83
-106
-123
-65
-23
-72
-122
-89
-50
-68
-89
-121
-195
-170
-90
-66
-100
-107
-113
-116
-101
-97
-136
-122
-41
-2
-4
-39
-49
-68
-86
-82
-92
-62
-2
-57
-25
-8
-43
-68
-87
-104
-93
-102
-154
-194
-158
-132
-134
-129
-155
-221
-248
-242
-231
-229
-217
-228
-263
-294
-311
-322
-309
-274
-245
-248
-230
-197
-194
-168
-123
-116
-145
-157
-115
-62
-35
-35
-67
-65
-23
-44
-92
-7
-4
-34
-4
-45
-21
-6
-18
-36
-68
-67
-34
-28
-34
-26
-35
-39
-25
-20
-56
-30
-11
-24
-11
-1
-8
-84
-106
-42
-22
-68
-74
-26
-3
-37
-90
-76
-56
-66
-52
-73
-142
-212
-229
-134
-84
-125
-153
-132
-101
-82
-77
-98
-125
-86
-39
-70
-134
-133
-87
-58
-86
-121
-156
-131
-60
-60
-124
-115
-62
-35
-11
-23
-86
-149
-114
-61
-81
-117
-90
-37
-17
-61
-83
-11
-73
-55
-7
-5
-41
-86
-133
-118
-55
-17
-25
-33
-24
-26
-20
-17
-39
-34
-11
-21
-18
-39
-10
-27
-59
-42
-11
-29
-61
-1
-13
-43
-62
-92
-41
-21
-118
-105
-33
-1
-44
-107
-157
-124
-40
-1
-12
-20
-3
-27
-25
-23
-2
-18
-7
-46
-8
-19
-46
-10
-18
-39
-71
-23
-25
-73
-13
-18
-8
-6
-13
-24
-37
-11
-1
-22
-13
-36
-27
-23
-39
-50
-55
-118
-58
-17
-3
-22
-38
-38
-5
-4
-59
-39
-19
-40
-10
-12
-21
-5
-5
-25
-51
-22
-57
-33
-75
-45
-4
-3
-17
-25
-27
-6
-38
-77
-35
-84
-211
-219
-131
-42
-26
-72
-134
-154
-103
-100
-179
-198
-149
-122
-135
-166
-206
-219
-134
-49
-66
-101
-89
-124
-201
-249
-229
-183
-99
-13
-6
-60
-43
-35
-134
-220
-216
-125
-125
-218
-245
-205
-201
-220
-225
-217
-149
-36
-11
-109
-180
-189
-198
-180
-153
-136
-142
-114
-53
-51
-83
-58
-37
-138
-230
-225
-166
-140
-167
-154
-106
-51
-30
-88
-184
-173
-74
-74
-177
-234
-154
-49
-14
-72
-173
-186
-59
-39
-29
-1
-38
-13
-42
-9
-12
-17
-36
-38
-23
-77
-82
-10
-123
-131
-72
-44
-62
-73
-92
-130
-183
-220
-205
-90
-119
-151
-100
-74
-84
-110
-151
-157
-121
-83
-84
-58
-13
-19
-56
-105
-171
-181
-87
-19
-52
-99
-58
-45
-84
-83
-89
-124
-188
-215
-132
-24
-21
-34
-5
-50
-5
-29
-10
-21
-5
-2
-17
-40
-22
-60
-51
-18
-9
-10
-25
-11
-29
-24
-73
-8
-5
-2
-3
-27
-24
-7
-17
-10
-10
-24
-17
-91
-107
-24
-23
-10
-38
-76
-54
-18
-17
-1
-56
-40
-30
-38
-12
-8
-19
-6
-55
-69
-45
-10
-45
-51
-2
-22
-67
-75
-99
-81
-5
-13
-6
-22
-70
-75
-54
-24
-53
-58
-61
-37
-20
-28
-11
-22
-28
-11
-25
-98
-106
-39
-65
-99
-12
-2
-19
-21
-50
-71
-17
-68
-33
-2
-45
-4
-49
-75
-55
-45
-61
-42
-1
-10
-30
-18
-4
-2
-5
-19
-21
-21
-18
-9
-38
-100
-77
-20
-26
-23
-18
-70
-66
-8
-49
-83
-17
-1
-34
-3
-65
-154
-109
-26
-65
-44
-19
-1
-12
-45
-58
-103
-129
-75
-28
-66
-109
-82
-39
-36
-38
-46
-81
-54
-22
-54
-89
-51
-34
-12
-4
-9
-34
-21
-21
-55
-3
-10
-2
-3
-11
-65
-107
-120
-53
-94
-116
-7
-25
-37
-7
-9
-70
-86
-117
-169
-187
-186
-238
-259
-225
-227
-286
-316
-298
-253
-220
-241
-344
-420
-362
-292
-308
-339
-315
-268
-246
-276
-311
-298
-218
-169
-205
-252
-232
-200
-183
-188
-202
-237
-198
-114
-113
-161
-148
-103
-65
-54
-90
-158
-155
-84
-49
-75
-92
-66
-42
-53
-87
-137
-137
-57
-23
-102
-187
-170
-107
-49
-38
-60
-42
-28
-58
-21
-20
-10
-23
-20
-28
-27
-40
-1
-5
-1
-20
-30
-49
-57
-50
-4
-37
-53
-29
-9
-7
-27
-49
-12
-28
-52
-75
-51
-37
-61
-99
-108
-37
-26
-71
-50
-6
-12
-44
-62
-1
-4
-19
-34
-73
-42
-3
-74
-140
-116
-98
-145
-187
-198
-198
-178
-146
-161
-225
-247
-227
-231
-257
-252
-247
-253
-297
-361
-405
-325
-197
-187
-274
-321
-314
-290
-261
-247
-315
-354
-306
-263
-261
-257
-205
-152
-133
-140
-180
-231
-181
-104
-113
-170
-180
-155
-141
-156
-200
-235
-157
-52
-61
-163
-202
-163
-94
-62
-75
-125
-103
-2
-40
-65
-67
-98
-109
-53
-10
-62
-114
-67
-19
-23
-43
-67
-78
-21
-22
-8
-10
-6
-42
-28
-2
-28
-7
-34
-55
-51
-11
-40
-87
-38
-18
-38
-10
-18
-61
-46
-37
-39
-21
-33
-57
-66
-65
-42
-19
-9
-17
-36
-117
-65
-43
-5
-8
-91
-103
-11
-34
-6
-44
-44
-29
-40
-66
-93
-100
-19
-65
-59
-27
-18
-8
-21
-91
-74
-17
-35
-109
-101
-11
-34
-83
-27
-37
-1
-27
-83
-125
-60
-3
-19
-107
-125
-39
-1
-61
-104
-45
-10
-43
-10
-1
-10
-1
-2
-10
-78
-89
-33
-38
-76
-6
-8
-33
-6
-54
-4
-25
-2
-74
-45
-49
-75
-24
-65
-39
-2
-26
-7
-8
-54
-124
-104
-10
-1
-36
-24
-94
-109
-41
-87
-28
-83
-25
-39
-33
-72
-28
-11
-3
-74
-72
-1
-49
-18
-6
-55
-59
-25
-26
-56
-66
-22
-50
-19
-13
-53
-22
-46
-59
-59
-105
-132
-97
-109
-171
-220
-245
-267
-218
-155
-181
-278
-298
-233
-178
-185
-248
-341
-370
-301
-259
-297
-324
-285
-233
-206
-197
-189
-221
-235
-204
-201
-198
-152
-130
-148
-179
-210
-232
-181
-103
-84
-118
-150
-151
-145
-153
-177
-170
-97
-56
-77
-105
-62
-9
-20
-2
-24
-36
-7
-24
-55
-89
-116
-57
-14
-89
-138
-71
-1
-6
-8
-60
-38
-4
-18
-7
-22
-28
-69
-9
-3
-3
-11
-18
-13
-19
-7
-21
-14
-7
-19
-5
-5
-20
-14
-8
-65
-68
-17
-58
-1
-12
-58
-61
-54
-71
-53
-6
-11
-52
-87
-110
-101
-11
-23
-6
-6
-34
-51
-33
-35
-18
-17
-1
-5
-12
-22
-9
-78
-30
-23
-20
-19
-70
-104
-22
-24
-59
-116
-81
-9
-8
-42
-27
-10
-70
-43
-6
-12
-11
-14
-7
-34
-22
-2
-17
-42
-46
-42
-20
-45
-72
-62
-35
-9
-1
-51
-102
-84
-50
-82
-119
-76
-1
-60
-83
-33
-9
-18
-113
-82
-6
-42
-113
-72
-26
-13
-11
-8
-22
-21
-12
-25
-68
-24
-12
-57
-72
-3
-37
-76
-3
-11
-35
-21
-58
-57
-7
-3
-59
-7
-11
-60
-7
-53
-122
-94
-52
-88
-53
-13
-6
-24
-60
-82
-46
-42
-97
-124
-104
-72
-35
-17
-37
-65
-12
-25
-84
-39
-67
-72
-11
-24
-126
-140
-78
-52
-73
-58
-21
-23
-55
-82
-119
-124
-37
-8
-40
-11
-19
-23
-58
-82
-74
-74
-94
-102
-75
-13
-49
-97
-51
-1
-30
-40
-6
-38
-25
-19
-7
-50
-29
-59
-23
-88
-46
-38
-67
-27
-33
-88
-59
-7
-19
-4
-7
-29
-13
-29
-5
-66
-49
-11
-39
-13
-3
-11
-82
-73
-11
-21
-12
-7
-5
-6
-21
-18
-58
-5
-59
-18
-29
-12
-19
-22
-23
-75
-41
-21
-67
-9
-5
-5
-72
-71
-14
-24
-9
-9
-23
-13
-2
-51
-29
-11
-12
-11
-41
-27
-6
-46
-46
-21
-27
-27
-25
-37
-55
-6
-6
-10
-9
-3
-13
-73
-67
-36
-83
-55
-7
-13
-50
-10
-37
-86
-29
-60
-30
-24
-36
-168
-181
-74
-25
-75
-154
-212
-145
-34
-154
-233
-222
-200
-274
-376
-471
-491
-417
-402
-411
-369
-279
-246
-247
-226
-118
-53
-60
-73
-130
-228
-241
-179
-198
-273
-234
-129
-88
-158
-217
-233
-179
-91
-83
-170
-242
-174
-98
-105
-172
-218
-178
-104
-39
-51
-51
-35
-126
-165
-43
-13
-56
-45
-46
-17
-10
-121
-81
-29
-73
-53
-52
-125
-132
-39
-30
-51
-37
-74
-135
-98
-45
-62
-148
-205
-177
-56
-25
-124
-172
-23
-22
-35
-88
-69
-21
-10
-43
-105
-126
-178
-177
-35
-18
-45
-23
-73
-172
-209
-260
-358
-333
-204
-75
-43
-71
-53
-17
-88
-211
-209
-186
-190
-296
-403
-443
-315
-134
-86
-158
-238
-277
-360
-390
-322
-280
-292
-360
-446
-516
-487
-440
-409
-438
-510
-579
-587
-460
-430
-500
-501
-455
-381
-350
-346
-459
-489
-284
-88
-57
-147
-170
-118
-117
-194
-270
-276
-252
-366
-546
-641
-643
-580
-604
-772
-925
-766
-210
-39
-7
-100
-490
-652
-413
-83
-50
-235
-391
-394
-158
-4
-232
-429
-457
-278
-141
-221
-341
-348
-365
-372
-417
-502
-492
-451
-484
-659
-913
-882
-535
-210
-150
-299
-418
-359
-205
-53
-3
-198
-329
-412
-429
-365
-337
-343
-379
-411
-406
-481
-597
-779
-1018
-1015
-621
-209
-141
-233
-179
-49
-215
-395
-382
-187
-114
-165
-194
-263
-249
-154
-114
-170
-210
-298
-409
-281
-85
-166
-229
-217
-89
-78
-131
-181
-216
-215
-173
-9
-38
-152
-54
-1
-5
-470
-924
-634
-260
-339
-161
-105
-261
-219
-68
-68
-389
-249
-76
-116
-14
-68
-12
-226
-116
-62
-307
-449
-264
-77
-107
-249
-215
-22
-116
-235
-245
-101
-60
-98
-166
-259
-213
-44
-56
-156
-173
-71
-1
-156
-187
-49
-5
-12
-7
-75
-234
-373
-467
-341
-37
-6
-49
-173
-327
-339
-229
-123
-89
-219
-376
-292
-51
-28
-59
-100
-204
-277
-234
-90
-26
-13
-138
-220
-165
-93
-141
-248
-156
-19
-81
-164
-226
-156
-38
-25
-66
-137
-165
-147
-91
-33
-20
-51
-2
-43
-33
-8
-25
-50
-26
-27
-20
-19
-69
-119
-122
-145
-179
-165
-119
-122
-135
-170
-254
-285
-212
-164
-199
-268
-285
-274
-262
-328
-417
-445
-331
-214
-242
-356
-390
-326
-279
-316
-386
-438
-387
-328
-343
-405
-405
-348
-394
-483
-510
-516
-488
-407
-329
-342
-349
-293
-217
-215
-268
-326
-328
-213
-141
-190
-285
-274
-190
-137
-115
-108
-179
-165
-101
-75
-140
-181
-173
-166
-153
-189
-268
-262
-174
-133
-183
-205
-139
-70
-42
-68
-133
-181
-121
-60
-89
-151
-162
-136
-107
-68
-76
-133
-162
-126
-102
-104
-78
-72
-109
-162
-186
-193
-135
-78
-123
-164
-115
-70
-86
-62
-6
-20
-155
-193
-150
-172
-283
-354
-353
-344
-370
-404
-482
-531
-488
-457
-481
-516
-519
-492
-486
-488
-492
-493
-402
-312
-310
-348
-326
-232
-116
-56
-58
-88
-44
-24
-204
-331
-373
-313
-274
-305
-338
-397
-582
-724
-754
-733
-770
-820
-843
-834
-810
-843
-914
-868
-763
-723
-750
-743
-722
-774
-840
-931
-1041
-977
-709
-461
-397
-435
-419
-291
-76
-22
-139
-148
-94
-50
-9
-102
-167
-137
-136
-147
-97
-45
-23
-65
-114
-56
-68
-217
-349
-362
-295
-179
-102
-93
-158
-181
-122
-164
-243
-185
-105
-97
-99
-105
-167
-194
-142
-99
-81
-44
-7
-11
-1
-18
-12
-55
-18
-6
-39
-69
-38
-9
-146
-135
-27
-23
-33
-69
-44
-24
-68
-114
-91
-99
-114
-90
-119
-173
-122
-33
-10
-46
-44
-155
-233
-151
-28
-20
-6
-23
-90
-197
-244
-216
-131
-50
-42
-114
-166
-178
-228
-284
-249
-195
-244
-341
-412
-387
-184
-30
-51
-108
-81
-49
-77
-87
-8
-42
-97
-29
-6
-4
-37
-45
-46
-104
-72
-36
-28
-72
-122
-172
-157
-139
-177
-214
-178
-163
-201
-233
-243
-305
-298
-260
-311
-371
-357
-325
-331
-391
-469
-561
-578
-507
-429
-412
-396
-345
-278
-203
-152
-153
-179
-140
-141
-243
-347
-388
-390
-371
-376
-403
-414
-316
-211
-220
-307
-323
-264
-188
-152
-168
-258
-277
-249
-252
-267
-242
-226
-215
-139
-37
-9
-38
-7
-4
-37
-58
-23
-5
-74
-81
-50
-50
-94
-180
-202
-124
-87
-138
-199
-198
-183
-185
-168
-232
-338
-315
-233
-206
-243
-252
-221
-182
-188
-234
-291
-253
-139
-78
-158
-216
-174
-129
-102
-92
-115
-123
-61
-26
-71
-131
-122
-94
-91
-86
-101
-124
-34
-39
-26
-13
-26
-38
-38
-50
-36
-29
-59
-89
-54
-29
-71
-89
-153
-242
-210
-108
-66
-77
-34
-28
-72
-146
-145
-45
-11
-12
-69
-90
-58
-17
-74
-106
-108
-104
-106
-117
-122
-97
-121
-173
-200
-218
-252
-215
-162
-157
-180
-219
-284
-307
-251
-252
-342
-386
-297
-245
-300
-302
-259
-259
-267
-274
-296
-309
-294
-294
-340
-363
-326
-295
-300
-356
-435
-418
-280
-168
-193
-246
-221
-227
-202
-183
-234
-289
-245
-195
-247
-340
-328
-265
-230
-211
-205
-237
-201
-137
-125
-217
-285
-250
-206
-227
-244
-259
-259
-210
-172
-179
-186
-177
-184
-211
-210
-220
-264
-218
-120
-85
-100
-99
-74
-29
-33
-69
-123
-99
-35
-44
-90
-69
-34
-22
-19
-26
-91
-116
-45
-2
-51
-97
-55
-87
-187
-158
-69
-58
-44
-4
-13
-10
-75
-92
-28
-1
-22
-5
-22
-57
-75
-77
-22
-21
-58
-22
-13
-54
-51
-4
-40
-60
-57
-19
-38
-60
-29
-5
-36
-106
-106
-17
-11
-14
-38
-91
-50
-5
-53
-45
-22
-21
-11
-5
-38
-115
-97
-21
-3
-57
-120
-56
-42
-14
-1
-7
-45
-56
-17
-5
-37
-27
-41
-38
-121
-49
-7
-12
-23
-28
-27
-45
-45
-37
-6
-7
-35
-22
-82
-38
-1
-3
-18
-10
-34
-10
-71
-59
-10
-53
-24
-56
-131
-73
-12
-6
-9
-19
-8
-26
-43
-5
-17
-6
-71
-55
-6
-20
-5
-19
-46
-18
-10
-41
-5
-9
-28
-13
-35
-38
-36
-24
-20
-21
-56
-49
-42
-9
-10
-97
-76
-45
-52
-28
-1
-3
-22
-5
-13
-7
-70
-81
-17
-45
-40
-17
-62
-124
-93
-21
-33
-60
-33
-62
-41
-58
-12
-33
-6
-34
-17
-4
-12
-42
-2
-74
-60
-1
-37
-2
-25
-52
-69
-91
-139
-101
-7
-2
-1
-2
-20
-6
-10
-53
-50
-17
-17
-51
-74